61 28859.87
62 28838.08
63 28816.3
64 28794.51
65 28772.72
66 28750.93
67 28729.14
68 28707.36
69 28685.57
70 28663.78
71 28685.84
72 28707.9
73 28729.97
74 28752.03
75 28774.09
76 28768.52
77 28762.95
78 28757.37
79 28751.8
80 28746.23
81 28740.66
82 28735.09
83 28729.51
84 28723.94
85 28718.37
86 28712.8
87 28707.23
88 28701.65
89 28696.08
90 28690.51
91 28699.11
92 28707.7
93 28716.3
94 28724.9
95 28733.5
96 28742.09
97 28750.69
98 28759.29
99 28767.88
100 28776.48
101 28785.08
102 28793.68
103 28802.27
104 28810.87
105 28819.47
106 28828.07
107 28836.66
108 28845.26
109 28853.86
110 28862.45
111 28871.05
112 28879.65
113 28888.25
114 28896.84
115 28905.44
116 28893.2
117 28880.95
118 28868.71
119 28856.47
120 28844.22
121 28831.98
122 28819.74
123 28807.5
124 28795.25
125 28783.01
126 28792.32
127 28801.63
128 28810.94
129 28820.25
130 28829.56
131 28838.87
132 28848.18
133 28857.5
134 28866.81
135 28876.12
136 28885.43
137 28894.74
138 28904.05
139 28913.36
140 28922.67
141 28913.15
142 28903.63
143 28894.11
144 28884.59
145 28875.07
146 28865.56
147 28856.04
148 28846.52
149 28837.0
150 28827.48
151 28842.29
152 28857.11
153 28871.92
154 28886.74
155 28901.55
156 28916.36
157 28931.18
158 28945.99
159 28960.81
160 28975.62
161 28965.3
162 28954.98
163 28944.66
164 28934.34
165 28924.03
166 28913.71
167 28903.39
168 28893.07
169 28882.75
170 28872.43
171 28862.11
172 28851.79
173 28841.48
174 28831.16
175 28820.84
176 28810.52
177 28800.2
178 28789.88
179 28779.56
180 28769.24
181 28758.93
182 28748.61
183 28738.29
184 28727.97
185 28717.65
186 28707.33
187 28697.01
188 28686.69
189 28676.38
190 28666.06
191 28655.74
192 28645.42
193 28635.1
194 28624.78
195 28614.46
196 28604.15
197 28593.83
198 28583.51
199 28573.19
200 28562.87
201 28601.74
202 28640.61
203 28679.49
204 28718.36
205 28757.23
206 28796.1
207 28834.97
208 28873.85
209 28912.72
210 28951.59
211 28942.56
212 28933.52
213 28924.49
214 28915.46
215 28906.42
216 28897.39
217 28888.36
218 28879.32
219 28870.29
220 28861.26
221 28852.22
222 28843.19
223 28834.16
224 28825.13
225 28816.09
226 28807.06
227 28798.03
228 28788.99
229 28779.96
230 28770.93
231 28761.89
232 28752.86
233 28743.83
234 28734.79
235 28725.76
236 28731.73
237 28737.69
238 28743.66
239 28749.62
240 28755.59
241 28761.56
242 28767.52
243 28773.49
244 28779.45
245 28785.42
246 28781.16
247 28776.91
248 28772.65
249 28768.4
250 28764.14
251 28759.89
252 28755.63
253 28751.38
254 28747.12
255 28742.87
256 28745.63
257 28748.38
258 28751.14
259 28753.9
260 28756.65
261 28759.41
262 28762.17
263 28764.92
264 28767.68
265 28770.43
266 28773.19
267 28775.95
268 28778.7
269 28781.46
270 28784.22
271 28786.97
272 28789.73
273 28792.49
274 28795.24
275 28798.0
276 28785.02
277 28772.04
278 28759.07
279 28746.09
280 28733.11
281 28720.13
282 28707.15
283 28694.18
284 28681.2
285 28668.22
286 28684.12
287 28700.01
288 28715.91
289 28731.8
290 28747.69
291 28763.59
292 28779.49
293 28795.38
294 28811.28
295 28827.17
296 28821.75
297 28816.34
298 28810.92
299 28805.51
300 28800.09
301 28794.67
302 28789.26
303 28783.84
304 28778.43
305 28773.01
306 28787.14
307 28801.27
308 28815.4
309 28829.53
310 28843.66
311 28832.12
312 28820.58
313 28809.04
314 28797.5
315 28785.96
316 28774.42
317 28762.88
318 28751.34
319 28739.8
320 28728.26
321 28716.72
322 28705.18
323 28693.64
324 28682.1
325 28670.56
326 28659.02
327 28647.48
328 28635.94
329 28624.4
330 28612.86
331 28601.32
332 28589.78
333 28578.24
334 28566.7
335 28555.16
336 28543.62
337 28532.08
338 28520.54
339 28509.0
340 28497.46
341 28485.92
342 28474.38
343 28462.84
344 28451.3
345 28439.76
346 28428.22
347 28416.68
348 28405.14
349 28393.6
350 28382.06
351 28370.52
352 28358.98
353 28347.44
354 28335.9
355 28324.36
356 28331.45
357 28338.54
358 28345.62
359 28352.71
360 28359.8
361 28366.89
362 28373.98
363 28381.06
364 28388.15
365 28395.24
366 28402.33
367 28409.42
368 28416.5
369 28423.59
370 28430.68
371 28423.7
372 28416.72
373 28409.74
374 28402.76
375 28395.78
376 28388.8
377 28381.82
378 28374.84
379 28367.86
380 28360.88
381 28353.9
382 28346.92
383 28339.94
384 28332.96
385 28325.98
386 28319.0
387 28312.02
388 28305.04
389 28298.06
390 28291.08
391 28284.1
392 28277.12
393 28270.14
394 28263.16
395 28256.18
396 28249.2
397 28242.22
398 28235.24
399 28228.26
400 28221.28
401 28214.3
402 28207.32
403 28200.34
404 28193.36
405 28186.38
406 28199.5
407 28212.62
408 28225.74
409 28238.86
410 28251.98
411 28245.3
412 28238.61
413 28231.93
414 28225.24
415 28218.56
416 28211.87
417 28205.19
418 28198.5
419 28191.82
420 28185.14
421 28178.45
422 28171.77
423 28165.08
424 28158.4
425 28151.71
426 28145.03
427 28138.34
428 28131.66
429 28124.97
430 28118.29
431 28130.78
432 28143.27
433 28155.77
434 28168.26
435 28180.75
436 28193.24
437 28205.73
438 28218.23
439 28230.72
440 28243.21
441 28233.76
442 28224.31
443 28214.86
444 28205.4
445 28195.95
446 28186.5
447 28177.05
448 28167.6
449 28158.15
450 28148.7
451 28139.25
452 28129.79
453 28120.34
454 28110.89
455 28101.44
456 28107.77
457 28114.1
458 28120.44
459 28126.77
460 28133.1
461 28139.43
462 28145.76
463 28152.1
464 28158.43
465 28164.76
466 28156.15
467 28147.54
468 28138.94
469 28130.33
470 28121.72
471 28113.11
472 28104.51
473 28095.9
474 28087.29
475 28078.68
476 28070.08
477 28061.47
478 28052.86
479 28044.25
480 28035.65
481 28027.04
482 28018.43
483 28009.82
484 28001.22
485 27992.61
486 27984.0
487 27975.39
488 27966.79
489 27958.18
490 27949.57
491 27958.75
492 27967.92
493 27977.1
494 27986.27
495 27995.45
496 28004.62
497 28013.8
498 28022.97
499 28032.15
500 28041.33
501 28050.5
502 28059.68
503 28068.85
504 28078.03
505 28087.2
506 28096.38
507 28105.56
508 28114.73
509 28123.91
510 28133.08
511 28142.26
512 28151.43
513 28160.61
514 28169.78
515 28178.96
516 28171.91
517 28164.86
518 28157.8
519 28150.75
520 28143.7
521 28136.65
522 28129.6
523 28122.54
524 28115.49
525 28108.44
526 28114.73
527 28121.02
528 28127.32
529 28133.61
530 28139.9
531 28146.19
532 28152.49
533 28158.78
534 28165.07
535 28171.36
536 28177.66
537 28183.95
538 28190.24
539 28196.53
540 28202.83
541 28209.12
542 28215.41
543 28221.71
544 28228.0
545 28234.29
546 28223.98
547 28213.67
548 28203.37
549 28193.06
550 28182.75
551 28172.44
552 28162.13
553 28151.83
554 28141.52
555 28131.21
556 28120.9
557 28110.59
558 28100.29
559 28089.98
560 28079.67
561 28093.78
562 28107.89
563 28122.01
564 28136.12
565 28150.23
566 28144.81
567 28139.4
568 28133.98
569 28128.56
570 28123.14
571 28117.72
572 28112.31
573 28106.89
574 28101.47
575 28096.06
576 28090.64
577 28085.22
578 28079.8
579 28074.38
580 28068.97
581 28063.55
582 28058.13
583 28052.72
584 28047.3
585 28041.88
586 28036.46
587 28031.04
588 28025.63
589 28020.21
590 28014.79
591 28009.38
592 28003.96
593 27998.54
594 27993.12
595 27987.7
596 27982.29
597 27976.87
598 27971.45
599 27966.03
600 27960.62
601 27955.2
602 27949.78
603 27944.36
604 27938.95
605 27933.53
606 27940.5
607 27947.47
608 27954.45
609 27961.42
610 27968.39
611 27963.59
612 27958.79
613 27954.0
614 27949.2
615 27944.4
616 27939.6
617 27934.8
618 27930.01
619 27925.21
620 27920.41
621 27938.89
622 27957.37
623 27975.85
624 27994.33
625 28012.82
626 28031.3
627 28049.78
628 28068.26
629 28086.74
630 28105.22
631 28096.24
632 28087.25
633 28078.27
634 28069.28
635 28060.3
636 28051.32
637 28042.33
638 28033.35
639 28024.36
640 28015.38
641 28006.4
642 27997.41
643 27988.43
644 27979.44
645 27970.46
646 27961.48
647 27952.49
648 27943.51
649 27934.52
650 27925.54
651 27935.65
652 27945.76
653 27955.86
654 27965.97
655 27976.08
656 27971.58
657 27967.08
658 27962.58
659 27958.08
660 27953.57
661 27949.07
662 27944.57
663 27940.07
664 27935.57
665 27931.07
666 27926.57
667 27922.07
668 27917.57
669 27913.06
670 27908.56
671 27904.06
672 27899.56
673 27895.06
674 27890.56
675 27886.06
676 27881.56
677 27877.05
678 27872.55
679 27868.05
680 27863.55
681 27859.05
682 27854.55
683 27850.05
684 27845.55
685 27841.05
686 27836.54
687 27832.04
688 27827.54
689 27823.04
690 27818.54
691 27839.68
692 27860.81
693 27881.95
694 27903.08
695 27924.22
696 27911.09
697 27897.96
698 27884.83
699 27871.7
700 27858.57
701 27845.44
702 27832.31
703 27819.18
704 27806.05
705 27792.92
706 27779.78
707 27766.65
708 27753.52
709 27740.39
710 27727.26
711 27714.13
712 27701.0
713 27687.87
714 27674.74
715 27661.61
716 27666.15
717 27670.7
718 27675.24
719 27679.79
720 27684.33
721 27688.87
722 27693.42
723 27697.96
724 27702.51
725 27707.05
726 27696.84
727 27686.62
728 27676.41
729 27666.2
730 27655.99
731 27645.77
732 27635.56
733 27625.35
734 27615.13
735 27604.92
736 27627.48
737 27650.04
738 27672.59
739 27695.15
740 27717.71
741 27740.27
742 27762.83
743 27785.38
744 27807.94
745 27830.5
746 27821.03
747 27811.56
748 27802.09
749 27792.62
750 27783.15
751 27773.68
752 27764.21
753 27754.74
754 27745.27
755 27735.79
756 27726.32
757 27716.85
758 27707.38
759 27697.91
760 27688.44
761 27678.97
762 27669.5
763 27660.03
764 27650.56
765 27641.09
766 27668.64
767 27696.19
768 27723.74
769 27751.29
770 27778.83
771 27806.38
772 27833.93
773 27861.48
774 27889.03
775 27916.58
776 27908.79
777 27900.99
778 27893.2
779 27885.4
780 27877.61
781 27869.81
782 27862.02
783 27854.22
784 27846.43
785 27838.64
786 27830.84
787 27823.05
788 27815.25
789 27807.46
790 27799.66
791 27791.87
792 27784.07
793 27776.28
794 27768.48
795 27760.69
796 27766.88
797 27773.07
798 27779.26
799 27785.45
800 27791.64
801 27797.83
802 27804.02
803 27810.21
804 27816.4
805 27822.58
806 27828.77
807 27834.96
808 27841.15
809 27847.34
810 27853.53
811 27859.72
812 27865.91
813 27872.1
814 27878.29
815 27884.48
816 27890.67
817 27896.86
818 27903.05
819 27909.24
820 27915.43
821 27921.62
822 27927.81
823 27934.0
824 27940.19
825 27946.38
826 27952.56
827 27958.75
828 27964.94
829 27971.13
830 27977.32
831 27983.51
832 27989.7
833 27995.89
834 28002.08
835 28008.27
836 27989.45
837 27970.63
838 27951.8
839 27932.98
840 27914.16
841 27895.34
842 27876.52
843 27857.69
844 27838.87
845 27820.05
846 27825.75
847 27831.44
848 27837.14
849 27842.84
850 27848.53
851 27854.23
852 27859.93
853 27865.62
854 27871.32
855 27877.02
856 27882.71
857 27888.41
858 27894.11
859 27899.8
860 27905.5
861 27893.23
862 27880.95
863 27868.68
864 27856.4
865 27844.13
866 27831.86
867 27819.58
868 27807.31
869 27795.03
870 27782.76
871 27770.49
872 27758.21
873 27745.94
874 27733.66
875 27721.39
876 27709.12
877 27696.84
878 27684.57
879 27672.29
880 27660.02
881 27668.41
882 27676.81
883 27685.2
884 27693.6
885 27701.99
886 27710.39
887 27718.78
888 27727.18
889 27735.57
890 27743.97
891 27752.36
892 27760.76
893 27769.15
894 27777.55
895 27785.94
896 27774.87
897 27763.8
898 27752.73
899 27741.66
900 27730.59
901 27719.52
902 27708.44
903 27697.37
904 27686.3
905 27675.23
906 27664.16
907 27653.09
908 27642.02
909 27630.95
910 27619.88
911 27608.81
912 27597.74
913 27586.67
914 27575.59
915 27564.52
916 27553.45
917 27542.38
918 27531.31
919 27520.24
920 27509.17
921 27531.54
922 27553.92
923 27576.29
924 27598.67
925 27621.04
926 27643.41
927 27665.79
928 27688.16
929 27710.54
930 27732.91
931 27755.28
932 27777.66
933 27800.03
934 27822.41
935 27844.78
936 27867.15
937 27889.53
938 27911.9
939 27934.28
940 27956.65
941 27947.86
942 27939.08
943 27930.29
944 27921.5
945 27912.72
946 27903.93
947 27895.14
948 27886.36
949 27877.57
950 27868.78
951 27860.0
952 27851.21
953 27842.42
954 27833.64
955 27824.85
956 27890.82
957 27956.79
958 28022.75
959 28088.72
960 28154.69
961 28220.66
962 28286.63
963 28352.59
964 28418.56
965 28484.53
966 28477.06
967 28469.58
968 28462.11
969 28454.64
970 28447.16
971 28439.69
972 28432.21
973 28424.74
974 28417.27
975 28409.79
976 28402.32
977 28394.85
978 28387.37
979 28379.9
980 28372.43
981 28364.95
982 28357.48
983 28350.01
984 28342.53
985 28335.06
986 28327.58
987 28320.11
988 28312.64
989 28305.16
990 28297.69
991 28304.61
992 28311.53
993 28318.45
994 28325.37
995 28332.29
996 28339.21
997 28346.13
998 28353.06
999 28359.98
1000 28366.9
1001 28373.82
1002 28380.74
1003 28387.66
1004 28394.58
1005 28401.5
1006 28394.47
1007 28387.43
1008 28380.4
1009 28373.36
1010 28366.33
1011 28359.3
1012 28352.26
1013 28345.23
1014 28338.19
1015 28331.16
1016 28395.96
1017 28392.01
1018 28388.05
1019 28384.1
1020 28380.14
1021 28376.18
1022 28372.23
1023 28368.27
1024 28364.32
1025 28360.36
1026 28370.19
1027 28380.02
1028 28389.86
1029 28399.69
1030 28409.52
1031 28419.35
1032 28429.18
1033 28439.02
1034 28448.85
1035 28458.68
1036 28468.51
1037 28478.34
1038 28488.18
1039 28498.01
1040 28507.84
1041 28484.23
1042 28460.62
1043 28437.01
1044 28413.4
1045 28389.79
1046 28366.19
1047 28342.58
1048 28318.97
1049 28295.36
1050 28271.75
1051 28310.25
1052 28348.75
1053 28387.24
1054 28425.74
1055 28464.24
1056 28452.33
1057 28440.42
1058 28428.52
1059 28416.61
1060 28404.7
1061 28392.79
1062 28380.88
1063 28368.98
1064 28357.07
1065 28345.16
1066 28333.25
1067 28321.34
1068 28309.44
1069 28297.53
1070 28285.62
1071 28273.71
1072 28261.8
1073 28249.9
1074 28237.99
1075 28226.08
1076 28214.17
1077 28202.26
1078 28190.36
1079 28178.45
1080 28166.54
1081 28154.63
1082 28142.72
1083 28130.82
1084 28118.91
1085 28107.0
1086 28095.09
1087 28083.18
1088 28071.28
1089 28059.37
1090 28047.46
1091 28035.55
1092 28023.64
1093 28011.74
1094 27999.83
1095 27987.92
1096 27993.27
1097 27998.63
1098 28003.98
1099 28009.33
1100 28014.69
1101 28020.04
1102 28025.39
1103 28030.75
1104 28036.1
1105 28041.46
1106 28046.81
1107 28052.16
1108 28057.52
1109 28062.87
1110 28068.22
1111 28073.58
1112 28078.93
1113 28084.28
1114 28089.64
1115 28094.99
1116 28085.24
1117 28075.49
1118 28065.73
1119 28055.98
1120 28046.23
1121 28036.48
1122 28026.73
1123 28016.97
1124 28007.22
1125 27997.47
1126 27987.72
1127 27977.97
1128 27968.21
1129 27958.46
1130 27948.71
1131 27938.96
1132 27929.21
1133 27919.45
1134 27909.7
1135 27899.95
1136 27905.4
1137 27910.84
1138 27916.29
1139 27921.74
1140 27927.19
1141 27932.63
1142 27938.08
1143 27943.53
1144 27948.98
1145 27954.42
1146 27959.87
1147 27965.32
1148 27970.77
1149 27976.21
1150 27981.66
1151 27968.45
1152 27955.24
1153 27942.03
1154 27928.82
1155 27915.6
1156 27902.39
1157 27889.18
1158 27875.97
1159 27862.76
1160 27849.55
1161 27861.01
1162 27872.47
1163 27883.92
1164 27895.38
1165 27906.84
1166 27899.0
1167 27891.16
1168 27883.32
1169 27875.48
1170 27867.64
1171 27859.79
1172 27851.95
1173 27844.11
1174 27836.27
1175 27828.43
1176 27840.71
1177 27852.99
1178 27865.27
1179 27877.55
1180 27889.83
1181 27902.11
1182 27914.39
1183 27926.67
1184 27938.95
1185 27951.23
1186 27945.17
1187 27939.1
1188 27933.04
1189 27926.98
1190 27920.92
1191 27914.85
1192 27908.79
1193 27902.73
1194 27896.67
1195 27890.6
1196 27884.54
1197 27878.48
1198 27872.42
1199 27866.35
1200 27860.29
1201 27854.23
1202 27848.17
1203 27842.1
1204 27836.04
1205 27829.98
1206 27851.69
1207 27873.4
1208 27895.11
1209 27916.82
1210 27938.53
1211 27960.24
1212 27981.95
1213 28003.66
1214 28025.37
1215 28047.08
1216 28068.79
1217 28090.5
1218 28112.21
1219 28133.92
1220 28155.63
1221 28144.55
1222 28133.46
1223 28122.38
1224 28111.29
1225 28100.21
1226 28089.12
1227 28078.04
1228 28066.95
1229 28055.87
1230 28044.78
1231 28033.7
1232 28022.61
1233 28011.53
1234 28000.44
1235 27989.36
1236 27978.27
1237 27967.19
1238 27956.1
1239 27945.02
1240 27933.93
1241 27922.85
1242 27911.76
1243 27900.68
1244 27889.59
1245 27878.51
1246 27887.22
1247 27895.92
1248 27904.63
1249 27913.34
1250 27922.04
1251 27930.75
1252 27939.45
1253 27948.16
1254 27956.87
1255 27965.57
1256 27974.28
1257 27982.99
1258 27991.69
1259 28000.4
1260 28009.1
1261 28017.81
1262 28026.52
1263 28035.22
1264 28043.93
1265 28052.64
1266 28061.34
1267 28070.05
1268 28078.76
1269 28087.46
1270 28096.17
1271 28104.87
1272 28113.58
1273 28122.29
1274 28130.99
1275 28139.7
1276 28130.26
1277 28120.82
1278 28111.39
1279 28101.95
1280 28092.51
1281 28083.07
1282 28073.63
1283 28064.19
1284 28054.76
1285 28045.32
1286 28035.88
1287 28026.44
1288 28017.0
1289 28007.56
1290 27998.13
1291 27988.69
1292 27979.25
1293 27969.81
1294 27960.37
1295 27950.93
1296 27941.5
1297 27932.06
1298 27922.62
1299 27913.18
1300 27903.74
1301 27894.3
1302 27884.87
1303 27875.43
1304 27865.99
1305 27856.55
1306 27847.11
1307 27837.67
1308 27828.24
1309 27818.8
1310 27809.36
1311 27799.92
1312 27790.48
1313 27781.04
1314 27771.61
1315 27762.17
1316 27752.73
1317 27743.29
1318 27733.85
1319 27724.41
1320 27714.98
1321 27705.54
1322 27696.1
1323 27686.66
1324 27677.22
1325 27667.78
1326 27658.35
1327 27648.91
1328 27639.47
1329 27630.03
1330 27620.59
1331 27611.15
1332 27601.72
1333 27592.28
1334 27582.84
1335 27573.4
1336 27563.96
1337 27554.52
1338 27545.09
1339 27535.65
1340 27526.21
1341 27531.11
1342 27536.02
1343 27540.92
1344 27545.82
1345 27550.73
1346 27555.63
1347 27560.54
1348 27565.44
1349 27570.34
1350 27575.25
1351 27580.15
1352 27585.05
1353 27589.96
1354 27594.86
1355 27599.76
1356 27604.67
1357 27609.57
1358 27614.47
1359 27619.38
1360 27624.28
1361 27629.19
1362 27634.09
1363 27638.99
1364 27643.9
1365 27648.8
1366 27638.81
1367 27628.81
1368 27618.82
1369 27608.82
1370 27598.83
1371 27588.84
1372 27578.84
1373 27568.85
1374 27558.85
1375 27548.86
1376 27554.24
1377 27559.62
1378 27564.99
1379 27570.37
1380 27575.75
1381 27581.12
1382 27586.5
1383 27591.88
1384 27597.26
1385 27602.64
1386 27608.01
1387 27613.39
1388 27618.77
1389 27624.15
1390 27629.52
1391 27634.9
1392 27640.28
1393 27645.65
1394 27651.03
1395 27656.41
1396 27649.34
1397 27642.28
1398 27635.21
1399 27628.14
1400 27621.08
1401 27614.01
1402 27606.94
1403 27599.87
1404 27592.81
1405 27585.74
1406 27601.04
1407 27616.34
1408 27631.65
1409 27646.95
1410 27662.25
1411 27656.03
1412 27649.8
1413 27643.58
1414 27637.35
1415 27631.12
1416 27624.9
1417 27618.67
1418 27612.45
1419 27606.22
1420 27600.0
1421 27608.67
1422 27617.34
1423 27626.01
1424 27634.67
1425 27643.34
1426 27652.01
1427 27660.68
1428 27669.35
1429 27678.02
1430 27686.68
1431 27695.35
1432 27704.02
1433 27712.69
1434 27721.36
1435 27730.03
1436 27738.7
1437 27747.36
1438 27756.03
1439 27764.7
1440 27773.37
1441 27759.92
1442 27746.47
1443 27733.02
1444 27719.57
1445 27706.12
1446 27692.67
1447 27679.22
1448 27665.77
1449 27652.32
1450 27638.86
1451 27625.41
1452 27611.96
1453 27598.51
1454 27585.06
1455 27571.61
1456 27558.16
1457 27544.71
1458 27531.26
1459 27517.81
1460 27504.36
1461 27490.91
1462 27477.46
1463 27464.01
1464 27450.56
1465 27437.11
1466 27423.66
1467 27410.21
1468 27396.76
1469 27383.31
1470 27369.85
1471 27356.4
1472 27342.95
1473 27329.5
1474 27316.05
1475 27302.6
1476 27289.15
1477 27275.7
1478 27262.25
1479 27248.8
1480 27235.35
1481 27221.9
1482 27208.45
1483 27195.0
1484 27181.55
1485 27168.1
1486 27154.65
1487 27141.2
1488 27127.75
1489 27114.3
1490 27100.85
1491 27087.39
1492 27073.94
1493 27060.49
1494 27047.04
1495 27033.59
1496 27020.14
1497 27006.69
1498 26993.24
1499 26979.79
1500 26966.34
1501 26970.1
1502 26973.86
1503 26977.62
1504 26981.38
1505 26985.14
1506 26988.9
1507 26992.67
1508 26996.43
1509 27000.19
1510 27003.95
1511 27007.71
1512 27011.47
1513 27015.23
1514 27018.99
1515 27022.75
1516 27026.51
1517 27030.27
1518 27034.03
1519 27037.8
1520 27041.56
1521 27045.32
1522 27049.08
1523 27052.84
1524 27056.6
1525 27060.36
1526 27050.17
1527 27039.99
1528 27029.81
1529 27019.62
1530 27009.43
1531 26999.25
1532 26989.06
1533 26978.88
1534 26968.69
1535 26958.51
1536 27030.76
1537 27026.93
1538 27023.1
1539 27019.26
1540 27015.43
1541 27011.6
1542 27007.77
1543 27003.94
1544 27000.11
1545 26996.28
1546 26992.44
1547 26988.61
1548 26984.78
1549 26980.95
1550 26977.12
1551 26973.29
1552 26969.45
1553 26965.62
1554 26961.79
1555 26957.96
1556 26963.4
1557 26968.84
1558 26974.29
1559 26979.73
1560 26985.17
1561 26990.61
1562 26996.05
1563 27001.5
1564 27006.94
1565 27012.38
1566 27017.82
1567 27023.26
1568 27028.71
1569 27034.15
1570 27039.59
1571 27045.03
1572 27050.47
1573 27055.92
1574 27061.36
1575 27066.8
1576 27058.01
1577 27049.22
1578 27040.42
1579 27031.63
1580 27022.84
1581 27014.05
1582 27005.26
1583 26996.46
1584 26987.67
1585 26978.88
1586 26970.09
1587 26961.3
1588 26952.5
1589 26943.71
1590 26934.92
1591 26926.13
1592 26917.34
1593 26908.54
1594 26899.75
1595 26890.96
1596 26882.17
1597 26873.38
1598 26864.58
1599 26855.79
1600 26847.0
1601 26857.1
1602 26867.2
1603 26877.3
1604 26887.4
1605 26897.5
1606 26907.6
1607 26917.7
1608 26927.8
1609 26937.9
1610 26948.0
1611 26958.1
1612 26968.2
1613 26978.3
1614 26988.4
1615 26998.5
1616 27008.6
1617 27018.7
1618 27028.8
1619 27038.9
1620 27049.0
1621 27059.1
1622 27069.2
1623 27079.3
1624 27089.4
1625 27099.5
1626 27109.6
1627 27119.7
1628 27129.8
1629 27139.9
1630 27150.0
1631 27139.88
1632 27129.75
1633 27119.63
1634 27109.5
1635 27099.38
1636 27089.25
1637 27079.13
1638 27069.0
1639 27058.88
1640 27048.75
1641 27038.63
1642 27028.5
1643 27018.38
1644 27008.25
1645 26998.13
1646 26988.0
1647 26977.88
1648 26967.75
1649 26957.63
1650 26947.5
1651 26937.38
1652 26927.25
1653 26917.13
1654 26907.0
1655 26896.88
1656 26899.71
1657 26902.53
1658 26905.36
1659 26908.19
1660 26911.01
1661 26913.84
1662 26916.67
1663 26919.5
1664 26922.32
1665 26925.15
1666 26918.76
1667 26912.36
1668 26905.97
1669 26899.57
1670 26893.18
1671 26886.78
1672 26880.39
1673 26873.99
1674 26867.6
1675 26861.21
1676 26854.81
1677 26848.42
1678 26842.02
1679 26835.63
1680 26829.23
1681 26822.84
1682 26816.44
1683 26810.05
1684 26803.65
1685 26797.26
1686 26805.51
1687 26813.76
1688 26822.01
1689 26830.27
1690 26838.52
1691 26846.77
1692 26855.02
1693 26863.27
1694 26871.52
1695 26879.77
1696 26888.02
1697 26896.28
1698 26904.53
1699 26912.78
1700 26921.03
1701 26915.68
1702 26910.33
1703 26904.98
1704 26899.63
1705 26894.28
1706 26888.93
1707 26883.58
1708 26878.23
1709 26872.88
1710 26867.52
1711 26862.17
1712 26856.82
1713 26851.47
1714 26846.12
1715 26840.77
1716 26835.42
1717 26830.07
1718 26824.72
1719 26819.37
1720 26814.02
1721 26808.67
1722 26803.32
1723 26797.97
1724 26792.62
1725 26787.27
1726 26781.92
1727 26776.57
1728 26771.22
1729 26765.87
1730 26760.51
1731 26755.16
1732 26749.81
1733 26744.46
1734 26739.11
1735 26733.76
1736 26728.41
1737 26723.06
1738 26717.71
1739 26712.36
1740 26707.01
1741 26701.66
1742 26696.31
1743 26690.96
1744 26685.61
1745 26680.26
1746 26674.91
1747 26669.56
1748 26664.21
1749 26658.86
1750 26653.51
1751 26648.15
1752 26642.8
1753 26637.45
1754 26632.1
1755 26626.75
1756 26621.4
1757 26616.05
1758 26610.7
1759 26605.35
1760 26600.0
1761 26605.03
1762 26610.05
1763 26615.08
1764 26620.1
1765 26625.13
1766 26630.16
1767 26635.18
1768 26640.21
1769 26645.23
1770 26650.26
1771 26655.29
1772 26660.31
1773 26665.34
1774 26670.36
1775 26675.39
1776 26680.42
1777 26685.44
1778 26690.47
1779 26695.49
1780 26700.52
1781 26705.55
1782 26710.57
1783 26715.6
1784 26720.62
1785 26725.65
1786 26719.45
1787 26713.25
1788 26707.06
1789 26700.86
1790 26694.66
1791 26688.46
1792 26682.26
1793 26676.07
1794 26669.87
1795 26663.67
1796 26657.47
1797 26651.27
1798 26645.08
1799 26638.88
1800 26632.68
1801 26626.48
1802 26620.28
1803 26614.09
1804 26607.89
1805 26601.69
1806 26610.14
1807 26618.59
1808 26627.04
1809 26635.49
1810 26643.93
1811 26652.38
1812 26660.83
1813 26669.28
1814 26677.73
1815 26686.18
1816 26671.45
1817 26656.73
1818 26642.0
1819 26627.27
1820 26612.55
1821 26597.82
1822 26583.09
1823 26568.37
1824 26553.64
1825 26538.91
1826 26524.19
1827 26509.46
1828 26494.73
1829 26480.01
1830 26465.28
1831 26470.53
1832 26475.79
1833 26481.04
1834 26486.29
1835 26491.54
1836 26496.8
1837 26502.05
1838 26507.3
1839 26512.55
1840 26517.81
1841 26523.06
1842 26528.31
1843 26533.56
1844 26538.82
1845 26544.07
1846 26533.25
1847 26522.43
1848 26511.61
1849 26500.79
1850 26489.97
1851 26479.15
1852 26468.32
1853 26457.5
1854 26446.68
1855 26435.86
1856 26425.04
1857 26414.22
1858 26403.4
1859 26392.58
1860 26381.76
1861 26370.94
1862 26360.12
1863 26349.3
1864 26338.47
1865 26327.65
1866 26316.83
1867 26306.01
1868 26295.19
1869 26284.37
1870 26273.55
1871 26282.52
1872 26291.5
1873 26300.47
1874 26309.45
1875 26318.42
1876 26327.39
1877 26336.37
1878 26345.34
1879 26354.32
1880 26363.29
1881 26372.26
1882 26381.24
1883 26390.21
1884 26399.19
1885 26408.16
1886 26394.67
1887 26381.17
1888 26367.67
1889 26354.18
1890 26340.68
1891 26327.19
1892 26313.69
1893 26300.2
1894 26286.7
1895 26273.21
1896 26398.7
1897 26391.92
1898 26385.14
1899 26378.36
1900 26371.58
1901 26364.8
1902 26358.02
1903 26351.24
1904 26344.46
1905 26337.68
1906 26330.91
1907 26324.13
1908 26317.35
1909 26310.57
1910 26303.79
1911 26297.01
1912 26290.23
1913 26283.45
1914 26276.67
1915 26269.89
1916 26282.14
1917 26294.4
1918 26306.65
1919 26318.9
1920 26331.15
1921 26343.41
1922 26355.66
1923 26367.91
1924 26380.17
1925 26392.42
1926 26389.07
1927 26385.73
1928 26382.38
1929 26379.03
1930 26375.68
1931 26372.34
1932 26368.99
1933 26365.64
1934 26362.3
1935 26358.95
1936 26372.24
1937 26385.52
1938 26398.81
1939 26412.1
1940 26425.39
1941 26438.67
1942 26451.96
1943 26465.25
1944 26478.53
1945 26491.82
1946 26505.11
1947 26518.39
1948 26531.68
1949 26544.97
1950 26558.25
1951 26571.54
1952 26584.83
1953 26598.12
1954 26611.4
1955 26624.69
1956 26617.94
1957 26611.19
1958 26604.45
1959 26597.7
1960 26590.95
1961 26584.2
1962 26577.46
1963 26570.71
1964 26563.96
1965 26557.21
1966 26550.47
1967 26543.72
1968 26536.97
1969 26530.22
1970 26523.48
1971 26516.73
1972 26509.98
1973 26503.23
1974 26496.49
1975 26489.74
1976 26482.99
1977 26476.24
1978 26469.5
1979 26462.75
1980 26456.0
1981 26470.98
1982 26485.97
1983 26500.95
1984 26515.94
1985 26530.92
1986 26545.9
1987 26560.89
1988 26575.87
1989 26590.86
1990 26605.84
1991 26620.82
1992 26635.81
1993 26650.79
1994 26665.78
1995 26680.76
1996 26675.45
1997 26670.14
1998 26664.83
1999 26659.52
2000 26654.21
2001 26648.89
2002 26643.58
2003 26638.27
2004 26632.96
2005 26627.65
2006 26633.73
2007 26639.82
2008 26645.9
2009 26651.99
2010 26658.07
2011 26664.16
2012 26670.24
2013 26676.33
2014 26682.41
2015 26688.49
2016 26694.58
2017 26700.66
2018 26706.75
2019 26712.83
2020 26718.92
2021 26725.0
2022 26731.08
2023 26737.17
2024 26743.25
2025 26749.34
2026 26755.42
2027 26761.51
2028 26767.59
2029 26773.68
2030 26779.76
2031 26774.39
2032 26769.01
2033 26763.64
2034 26758.27
2035 26752.9
2036 26747.52
2037 26742.15
2038 26736.78
2039 26731.4
2040 26726.03
2041 26774.26
2042 26767.98
2043 26761.69
2044 26755.41
2045 26749.12
2046 26742.84
2047 26736.56
2048 26730.27
2049 26723.99
2050 26717.7
2051 26711.41
2052 26705.13
2053 26698.84
2054 26692.56
2055 26686.27
2056 26679.99
2057 26673.7
2058 26667.42
2059 26661.13
2060 26654.85
2061 26673.63
2062 26692.41
2063 26711.19
2064 26729.98
2065 26748.76
2066 26767.54
2067 26786.32
2068 26805.1
2069 26823.88
2070 26842.66
2071 26861.44
2072 26880.23
2073 26899.01
2074 26917.79
2075 26936.57
2076 26924.13
2077 26911.69
2078 26899.26
2079 26886.82
2080 26874.38
2081 26861.94
2082 26849.5
2083 26837.07
2084 26824.63
2085 26812.19
2086 26799.75
2087 26787.31
2088 26774.88
2089 26762.44
2090 26750.0
2091 26757.69
2092 26765.38
2093 26773.07
2094 26780.75
2095 26788.44
2096 26796.13
2097 26803.82
2098 26811.51
2099 26819.2
2100 26826.88
2101 26834.57
2102 26842.26
2103 26849.95
2104 26857.64
2105 26865.33
2106 26873.02
2107 26880.7
2108 26888.39
2109 26896.08
2110 26903.77
2111 26900.39
2112 26897.01
2113 26893.63
2114 26890.25
2115 26886.88
2116 26883.5
2117 26880.12
2118 26876.74
2119 26873.36
2120 26869.98
2121 26879.05
2122 26888.12
2123 26897.19
2124 26906.27
2125 26915.34
2126 26924.41
2127 26933.48
2128 26942.55
2129 26951.62
2130 26960.69
2131 26969.76
2132 26978.84
2133 26987.91
2134 26996.98
2135 27006.05
2136 26998.86
2137 26991.67
2138 26984.48
2139 26977.29
2140 26970.1
2141 26962.9
2142 26955.71
2143 26948.52
2144 26941.33
2145 26934.14
2146 26951.33
2147 26968.52
2148 26985.7
2149 27002.89
2150 27020.08
2151 27011.76
2152 27003.43
2153 26995.11
2154 26986.79
2155 26978.47
2156 26970.14
2157 26961.82
2158 26953.5
2159 26945.17
2160 26936.85
2161 26943.78
2162 26950.72
2163 26957.65
2164 26964.59
2165 26971.52
2166 26978.46
2167 26985.39
2168 26992.33
2169 26999.26
2170 27006.2
2171 27013.13
2172 27020.07
2173 27027.0
2174 27033.94
2175 27040.87
2176 27025.83
2177 27010.79
2178 26995.75
2179 26980.71
2180 26965.67
2181 26950.63
2182 26935.59
2183 26920.55
2184 26905.51
2185 26890.47
2186 26875.43
2187 26860.39
2188 26845.35
2189 26830.31
2190 26815.26
2191 26800.22
2192 26785.18
2193 26770.14
2194 26755.1
2195 26740.06
2196 26725.02
2197 26709.98
2198 26694.94
2199 26679.9
2200 26664.86
2201 26649.82
2202 26634.78
2203 26619.74
2204 26604.7
2205 26589.66
2206 26597.0
2207 26604.34
2208 26611.68
2209 26619.02
2210 26626.36
2211 26633.7
2212 26641.04
2213 26648.38
2214 26655.72
2215 26663.06
2216 26670.4
2217 26677.74
2218 26685.08
2219 26692.42
2220 26699.76
2221 26707.1
2222 26714.44
2223 26721.78
2224 26729.12
2225 26736.46
2226 26743.8
2227 26751.14
2228 26758.48
2229 26765.82
2230 26773.16
2231 26768.45
2232 26763.74
2233 26759.04
2234 26754.33
2235 26749.62
2236 26744.91
2237 26740.2
2238 26735.5
2239 26730.79
2240 26726.08
2241 26721.37
2242 26716.66
2243 26711.96
2244 26707.25
2245 26702.54
2246 26709.06
2247 26715.58
2248 26722.11
2249 26728.63
2250 26735.15
2251 26733.93
2252 26732.72
2253 26731.5
2254 26730.29
2255 26729.07
2256 26727.85
2257 26726.64
2258 26725.42
2259 26724.21
2260 26722.99
2261 26726.25
2262 26729.5
2263 26732.76
2264 26736.01
2265 26739.27
2266 26742.52
2267 26745.78
2268 26749.03
2269 26752.29
2270 26755.54
2271 26758.8
2272 26762.05
2273 26765.31
2274 26768.56
2275 26771.82
2276 26764.17
2277 26756.51
2278 26748.86
2279 26741.21
2280 26733.55
2281 26725.9
2282 26718.24
2283 26710.59
2284 26702.94
2285 26695.28
2286 26687.63
2287 26679.98
2288 26672.32
2289 26664.67
2290 26657.02
2291 26649.36
2292 26641.71
2293 26634.06
2294 26626.4
2295 26618.75
2296 26611.09
2297 26603.44
2298 26595.79
2299 26588.13
2300 26580.48
2301 26587.95
2302 26595.41
2303 26602.88
2304 26610.34
2305 26617.81
2306 26625.27
2307 26632.74
2308 26640.2
2309 26647.67
2310 26655.13
2311 26662.6
2312 26670.06
2313 26677.53
2314 26684.99
2315 26692.46
2316 26685.5
2317 26678.54
2318 26671.58
2319 26664.62
2320 26657.67
2321 26650.71
2322 26643.75