0 29270.54
1 29282.03
2 29293.51
3 29305.0
4 29289.65
5 29274.29
6 29258.94
7 29243.58
8 29228.23
9 29212.88
10 29197.52
11 29182.17
12 29166.81
13 29151.46
14 29136.1
15 29120.75
16 29128.41
17 29136.08
18 29143.74
19 29115.93
20 29088.13
21 29060.32
22 29032.51
23 29004.71
24 28976.9
25 28949.09
26 28921.29
27 28893.48
28 28865.67
29 28837.87
30 28810.06
31 28816.51
32 28822.95
33 28829.4
34 28835.84
35 28842.29
36 28848.73
37 28855.18
38 28861.62
39 28868.07
40 28874.51
41 28880.96
42 28887.4
43 28893.85
44 28900.29
45 28906.74
46 28897.35
47 28887.95
48 28878.56
49 28869.17
50 28859.77
51 28850.38
52 28840.99
53 28831.59
54 28822.2
55 28812.81
56 28803.41
57 28794.02
58 28784.63
59 28775.23
60 28765.84
61 28756.45
62 28747.05
63 28737.66
64 28728.27
65 28718.87
66 28709.48
67 28700.09
68 28690.69
69 28681.3
70 28692.44
71 28703.59
72 28714.73
73 28725.88
74 28737.02
75 28748.17
76 28759.31
77 28770.46
78 28781.6
79 28774.01
80 28766.42
81 28758.83
82 28751.24
83 28743.65
84 28736.06
85 28728.46
86 28720.87
87 28713.28
88 28705.69
89 28698.1
90 28690.51
91 28698.64
92 28706.76
93 28714.89
94 28723.02
95 28731.15
96 28739.27
97 28747.4
98 28755.53
99 28763.66
100 28771.78
101 28779.91
102 28788.04
103 28796.17
104 28804.29
105 28812.42
106 28820.55
107 28828.68
108 28836.81
109 28844.93
110 28853.06
111 28861.19
112 28869.31
113 28877.44
114 28885.57
115 28870.62
116 28855.67
117 28840.72
118 28825.77
119 28810.81
120 28795.86
121 28780.91
122 28765.96
123 28751.01
124 28758.91
125 28766.81
126 28774.72
127 28782.62
128 28790.52
129 28798.42
130 28806.32
131 28814.23
132 28822.13
133 28830.03
134 28837.93
135 28845.83
136 28853.73
137 28861.64
138 28869.54
139 28877.44
140 28885.34
141 28893.24
142 28901.15
143 28909.05
144 28916.95
145 28902.04
146 28887.13
147 28872.22
148 28857.3
149 28842.39
150 28827.48
151 28844.43
152 28861.37
153 28878.32
154 28895.27
155 28912.21
156 28929.16
157 28946.11
158 28963.05
159 28980.0
160 28972.78
161 28965.56
162 28958.34
163 28951.12
164 28943.9
165 28936.68
166 28929.46
167 28922.24
168 28915.02
169 28907.8
170 28900.58
171 28893.36
172 28886.14
173 28878.92
174 28871.7
175 28864.48
176 28857.25
177 28850.03
178 28842.81
179 28835.59
180 28828.37
181 28821.15
182 28813.93
183 28806.71
184 28799.49
185 28792.27
186 28785.05
187 28777.83
188 28770.61
189 28763.39
190 28756.17
191 28748.95
192 28741.73
