1.0 29270.54
2.0 29260.94
3 29305.0
4 29273.68
5 29242.35
6 29211.03
7 29179.71
8 29262.43
9 29242.49
10 29222.54
11 29202.6
12 29182.66
13 29162.72
14 29142.78
15 29122.83
16 29102.89
17 29123.32
18 29143.74
19 29115.93
20 29088.13
21 29060.32
22 29032.51
23 29004.71
24 28976.9
25 28949.09
26 28921.29
27 28893.48
28 28865.67
29 28837.87
30 28810.06
31 28831.18
32 28852.3
33 28840.56
34 28828.82
35 28853.78
36 28878.74
37 28903.7
38 28894.8
39 28885.9
40 28876.99
41 28868.09
42 28859.19
43 28875.74
44 28892.29
45 28908.84
46 28925.39
47 28900.53
48 28875.68
49 28850.82
50 28854.21
51 28857.61
52 28861.0
53 28853.87
54 28846.75
55 28839.62
56 28832.49
57 28844.78
58 28857.08
59 28869.37
60 28881.66
61 28859.87
62 28838.08
63 28816.3
64 28794.51
65 28772.72
66 28750.93
67 28729.14
68 28707.36
69 28685.57
70 28663.78
71 28678.51
72 28693.24
73 28707.96
74 28722.69
75 28737.42
76 28752.14
77 28766.87
78 28781.6
79 28770.2
80 28758.79
81 28747.39
82 28735.99
83 28724.58
84 28713.18
85 28749.87
86 28723.04
87 28696.22
88 28669.39
89 28687.01
90 28704.64
91 28722.26
92 28739.89
93 28757.51
94 28775.14
95 28792.76
96 28810.39
97 28828.01
98 28814.65
99 28801.3
100 28787.94
101 28806.45
102 28824.96
103 28843.47
104 28821.74
105 28800.0
106 28810.54
107 28821.09
108 28831.63
109 28842.18
110 28852.72
111 28863.26
112 28873.81
113 28884.35
114 28894.9
115 28905.44
116 28886.14
117 28866.83
118 28847.53
119 28828.22
120 28808.92
121 28789.62
122 28770.31
123 28751.01
124 28769.43
125 28787.85
126 28806.27
127 28824.69
128 28843.11
129 28861.53
130 28837.5
131 28813.46
132 28789.43
133 28827.05
134 28864.67
135 28849.69
136 28834.72
137 28868.31
138 28901.91
139 28935.5
140 28924.99
141 28914.49
142 28903.98
143 28909.77
144 28915.56
145 28921.36
146 28927.15
147 28890.06
148 28852.96
149 28815.87
150 28852.3
151 28888.72
152 28925.15
153 28961.57
154 28998.0
155 28971.54
156 28945.07
157 28918.61
158 28949.31
159 28980.0
160 28966.42
161 28952.84
162 28939.26
163 28925.69
164 28912.11
165 28898.53
166 28904.55
167 28910.57
168 28900.91
169 28891.26
170 28881.6
171 28899.16
172 28916.71
173 28934.27
174 28887.08
175 28839.88
176 28855.66
177 28871.44
178 28887.22
179 28876.09
180 28864.96
181 28853.83
182 28842.7
183 28861.31
184 28879.91
185 28846.75
186.0 28813.6
187 28790.06
188 28752.99
189 28763.91
190 28774.83
191 28785.75
192 28757.7
193 28729.65
194 28701.61
195 28673.56
196 28682.07
197 28690.57
198 28648.0
199 28605.44
200 28562.87
201 28593.03
202 28623.2
203 28653.36
204 28683.53
205 28713.69
206 28743.85
207 28774.02
208 28804.18
209 28834.34
210 28864.51
211 28894.67
212 28924.84
213 28955.0
214 28933.05
215 28911.11
216 28889.16
217 28867.21
218 28845.27
219 28823.32
220 28854.54
221 28885.77
222 28916.99
223 28901.46
224 28885.93
225 28870.4
226 28854.86
227 28839.33
228 28823.8
229 28808.27
230 28792.74
231 28777.21
232 28761.68
233 28746.15
234 28730.61
235 28715.08
236 28699.55
237 28684.02
238 28698.27
239 28712.51
240 28726.76
241 28741.01
242 28755.25
243 28769.5
244 28783.75
245 28797.99
246 28812.24
247 28793.89
248 28775.54
249 28757.19
250 28738.85
251 28720.5
252 28702.15
253 28718.12
254 28734.1
255 28750.07
256 28738.34
257 28726.6
258 28714.87
259 28739.9
260 28764.92
261 28789.95
262 28814.97
263 28840.0
264 28807.96
265 28775.92
266 28813.96
267 28852.0
268 28835.48
269 28818.97
270 28802.45
271 28785.93
272 28769.41
273 28752.9
274 28736.38
275 28798.0
276 28766.71
277 28735.42
278 28704.14
279 28672.85
280 28641.56
281 28610.27
282 28688.85
283 28663.04
284 28637.23
285 28611.41
286 28585.6
287 28559.79
288 28672.33
289 28784.88
290 28772.89
291.0 28760.9
292 28862.0
293 28853.66
294 28845.33
295 28836.99
296 28828.65
297 28820.32
298 28811.98
299 28803.65
300 28795.31
301 28786.97
302 28778.64
303 28770.3
304 28761.96
305 28753.63
306 28745.29
307 28771.07
308 28796.86
309 28822.64
310 28848.42
311 28874.21
312 28899.99
313 28871.19
314 28842.39
315 28813.59
316 28784.8
317 28756.0
318 28727.2
319 28698.4
320 28669.6
321 28640.8
322 28612.0
323 28583.21
324 28554.41
325 28525.61
326 28496.81
327 28506.35
328 28515.88
329 28525.42
330 28484.78
331.0 28444.15
332.0 28470.43
333.0 28496.71
334 28522.99
335 28509.74
336 28496.5
337 28483.25
338 28470.01
339 28456.76
340 28443.52
341 28463.53
342 28483.53
343 28465.97
344 28448.4
345 28430.84
346 28413.27
347 28395.71
348 28414.14
349 28432.56
350 28414.53
351 28396.49
352 28378.46
353 28360.43
354 28342.39
355 28324.36
356 28339.9
357 28355.45
358 28371.0
359 28386.54
360 28348.44
361 28310.34
362 28333.62
363 28356.89
364 28380.17
365 28403.45
366 28426.72
367 28450.0
368 28413.33
369.0 28376.65
370 28430.68
371 28420.51
372 28410.34
373 28400.17
374 28390.0
375 28379.82
376 28369.65
377 28359.48
378 28349.31
379 28339.14
380 28328.97
381 28318.8
382 28308.63
383 28298.45
384 28288.28
385 28278.11
386 28267.94
387 28257.77
388 28266.36
389 28274.95
390 28283.54
391 28292.13
392 28300.72
393 28309.31
394 28288.25
395 28267.19
396 28246.14
397 28225.08
398 28232.67
399 28240.25
400 28247.84
401 28255.42
402 28238.16
403 28220.9
404 28203.64
405 28186.38
406 28199.5
407 28212.62
408 28225.74
409 28238.86
410 28251.98
411 28232.82
412 28213.65
413 28194.49
414 28175.33
415 28189.47
416 28203.61
417 28217.75
418 28197.2
419 28176.65
420 28156.1
421 28135.55
422 28115.0
423 28120.87
424 28126.74
425 28132.61
426 28116.58
427 28100.55
428 28084.52
429 28068.49
430 28084.37
431 28100.26
432 28116.14
433 28132.02
434 28147.91
435 28163.79
436 28179.68
437 28195.56
438 28211.44
439 28227.33
440 28243.21
441 28221.88
442 28200.55
443 28179.22
444 28157.9
445 28136.57
446 28115.24
447 28093.91
448 28100.21
449 28106.51
450 28112.81
451 28119.1
452 28125.4
453 28131.7
454 28119.34
455 28106.99
456 28094.63
457 28082.28
458 28092.32
459 28102.37
460 28112.41
461 28122.46
462 28132.5
463 28142.55
464 28152.59
465 28162.64
466 28172.68
467 28162.95
468 28153.22
469 28143.48
470 28133.75
471 28124.02
472 28114.29
473 28104.55
474 28094.82
475 28085.09
476 28075.36
477 28065.62
478 28055.89
479 28046.16
480 28036.43
481 28026.69
482 28016.96
483 28007.23
484 28014.25
485 28021.27
486 28000.04
487 27978.81
488 27957.58
489 27936.35
490 27949.57
491 27926.2
492.0 27902.83
493.0 27931.25
494.0 27959.66
495.0 27988.08
496.0 28016.5
497.0 28044.91
498.0 28073.33
499.0 28101.74
500.0 28130.16
501.0 28158.58
502.0 28186.99
503 28215.41
504 28186.58
505 28157.76
506 28128.94
507 28100.11
508 28109.97
509 28119.82
510 28129.68
511 28139.53
512 28149.39
513 28159.25
514 28169.1
515 28178.96
516 28133.02
517.0 28087.08
518.0 28123.66
519 28160.24
520 28124.44
521 28088.63
522 28094.7
523 28100.77
524 28106.84
525 28112.91
526 28118.98
527 28125.04
528 28131.11
529 28137.18
530 28143.25
531 28149.32
532 28155.39
533 28161.46
534 28167.53
535 28173.6
536 28179.67
537 28185.74
538 28191.81
539 28197.88
540 28203.94
541 28210.01
542 28216.08
543 28222.15
544 28228.22
545 28234.29
546 28225.34
547 28216.4
548 28207.45
549 28226.67
550 28245.89
551 28265.11
552 28284.33
553 28258.75
554 28233.16
555 28207.58
556 28182.0
557 28156.42
558 28130.83
559 28105.25
560 28079.67
561 28106.18
562 28132.69
563 28159.21
564 28185.72
565 28170.23
566 28154.74
567 28139.25
568 28123.76
569 28148.02
570 28136.26
571 28124.51
572 28112.75
573 28139.01
574 28165.27
575 28154.48
576 28143.69
577 28132.9
578 28122.11
579 28111.32
580 28100.53
581 28089.74
582 28078.95
583 28068.16
584 28057.37
585 28046.58
586 28035.79
587 28025.0
588 28033.39
589 28041.79
590 28050.18
591 28058.57
592 28034.62
593 28010.68
594 27986.73
595 27962.79
596 27938.84
597 27948.81
598 27958.77
599 27968.74
600 27978.7
601 27988.67
602 27998.63
603 28008.6
604 27967.99
605 27927.38
606 27886.77
607 27907.18
608 27927.58
609 27947.99
610 27968.39
611 27946.08
612 27923.77
613 27901.46
614 27879.15
615 27910.7
616 27942.25
617 27936.89
618 27931.52
619 27945.26
620 27959.0
621 27972.74
622 27928.35
623 27883.95
624 27839.56
625 27883.84
626 27928.11
627 27972.39
628 28016.67
629 28060.94
630 28105.22
631 28084.1
632 28062.98
633 28076.02
634 28089.05
635 28102.09
636 28115.12
637 28128.16
638 28057.97
639 27987.79
640 28001.68
641 28015.56
642 28002.88
643 27990.2
644 27977.52
645 27964.83
646 27952.15
647 27939.47
648 27926.79
649 27914.11
650 27928.03
651 27941.95
652 27955.87
653 27969.79
654 27983.71
655 27997.63
656 28011.55
657 27989.32
658 27967.08
659 27944.85
660 27922.61
661 27937.88
662 27953.15
663 27968.43
664 27983.7
665 27967.07
666 27950.43
667 27933.8
668 27917.17
669 27900.53
670 27883.9
671 27972.25
672 27934.26
673 27896.28
674 27858.29
675 27820.31
676 27782.32
677 27799.45
678 27816.57
679 27833.7
680 27850.82
681 27867.95
682 27885.07
683 27902.2
684 27875.11
685.0 27848.03
686.0 27866.68
687 27885.34
688 27863.07
689 27840.81
690 27818.54
691 27839.68
692 27860.81
693 27881.95
694 27903.08
695 27924.22
696 27908.46
697 27892.69
698 27876.93
699 27861.17
700 27845.4
701 27829.64
702 27813.88
703 27798.12
704 27782.35
705 27766.59
706 27750.83
707 27735.06
708 27719.3
709 27727.96
710 27736.62
711 27745.28
712 27716.47
713 27687.65
714 27658.84
715 27665.77
716 27672.7
717 27679.62
718 27686.55
719 27693.48
720 27700.41
721 27675.71
722 27651.01
723 27667.18
724 27683.35
725 27699.53
726 27715.7
727 27691.78
728.0 27667.87
729.0 27675.47
730 27683.07
731 27641.45
732 27599.83
733 27617.57
734 27635.32
735 27653.06
736 27670.81
737 27688.55
738 27706.29
739 27724.04
740 27741.78
741 27759.52
742 27777.27
743 27795.01
744 27812.76
745 27830.5
746 27753.78
747 27677.06
748 27709.53
749 27741.99
750 27731.81
751 27721.64
752 27711.46
753 27736.62
754 27723.39
755 27710.16
756 27696.93
757 27683.7
758 27670.48
759 27657.25
760 27644.02
761 27630.79
762 27617.56
763 27638.2
764 27658.83
765 27679.47
766 27700.1
767 27720.74
768 27688.38
769 27656.01
770 27694.12
771 27732.23
772 27770.34
773 27808.46
774 27846.57
775 27884.68
776 27922.79
777 27900.44
778 27878.08
779 27884.65
780 27891.22
781 27897.78
782 27904.35
783 27885.07
784 27865.78
785 27846.5
786 27827.22
787 27807.93
788 27788.65
789 27838.79
790 27823.48
791 27808.18
792 27792.87
793 27777.56
794 27762.25
795 27746.95
796 27731.64
797 27764.29
798 27796.94
799 27829.59
800 27862.24
801 27835.18
802 27808.13
803 27781.07
804 27848.93
805 27828.11
806 27807.3
807 27823.15
808 27839.0
809 27854.84
810 27870.69
811 27886.54
812 27902.39
813 27918.24
814 27934.08
815 27949.93
816 27965.78
817 27930.42
818 27895.05
819 27900.26
820 27905.48
821 27910.69
822 27915.9
823 27921.12
824 27926.33
825 27931.54
826 27936.76
827 27941.97
828 27929.29
829.0 27916.61
830.0 27931.89
831.0 27947.16
832.0 27962.44
833.0 27977.72
834.0 27992.99
835 28008.27
836 27977.58
837.0 27946.89
838.0 27949.49
839 27952.09
840 27913.45
841 27874.81
842 27836.17
843 27797.53
844 27758.89
845 27806.41
846 27853.93
847 27848.23
848 27842.52
849 27836.82
850 27831.11
851 27825.41
852 27841.97
853 27858.54
854 27875.1
855 27891.67
856 27908.24
857 27924.8
858 27907.76
859 27890.71
860 27873.67
861 27856.63
862 27839.58
863 27822.54
864 27833.81
865 27845.08
866 27856.36
867 27867.63
868 27840.9
869.0 27814.16
870 27806.71
871 27787.1
872 27767.5
873 27747.89
874 27728.28
875 27708.67
876 27689.07
877 27669.46
878 27649.85
879 27674.07
880 27698.28
881 27722.5
882 27746.71
883 27770.93
884 27748.03
885 27725.12
886 27737.08
887 27749.05
888 27761.01
889 27772.98
890 27784.94
891 27760.85
892 27736.77
893 27712.68
894 27729.63
895 27746.59
896 27763.54
897 27780.49
898 27797.45
899 27814.4
900 27762.15
901 27709.91
902 27731.52
903 27753.12
904 27774.73
905 27754.86
906 27734.99
907 27715.12
908 27695.25
909 27675.38
910 27655.51
911 27635.64
912 27615.77
913 27595.9
914 27576.03
915 27556.16
916 27536.29
917 27516.42
918 27522.36
919 27528.3
920 27515.32
921 27502.34
922 27552.68
923 27603.02
924 27653.35
925 27703.69
926 27754.03
927 27804.37
928 27780.65
929 27756.93
930 27733.21
931 27743.41
932 27704.39
933 27665.36
934 27706.97
935 27748.59
936 27790.2
937 27831.81
938 27873.42
939 27915.04
940 27956.65
941 27943.63
942 27930.61
943 27917.58
944 27904.56
945 27891.54
946 27950.75
947 27915.08
948 27879.41
949 27843.74
950 27891.2
951 27938.65
952 27986.11
953 28033.57
954 27946.05
955 27858.52
956 27771.0
957 27899.77
958 28028.54
959 28157.31
960 28286.07
961 28414.84
962 28543.61
963 28526.18
964 28508.75
965 28491.32
966 28473.89
967 28456.45
968 28439.02
969 28421.59
970 28404.16
971 28386.73
972 28395.58
973 28404.43
974 28413.28
975 28395.62
976 28377.97
977 28393.32
978 28408.67
979 28399.42
980 28390.17
981 28380.92
982 28371.68
983 28362.43
984 28353.18
985 28343.93
986 28334.68
987 28325.43
988 28316.19
989 28306.94
990 28297.69
991 28310.72
992 28323.74
993 28336.77
994 28349.79
995 28362.82
996 28375.85
997 28388.87
998 28401.9
999 28381.47
1000 28361.03
1001 28340.6
1002 28355.82
1003 28371.05
1004 28386.28
1005 28401.5
1006 28365.7
1007 28329.91
1008 28294.11
1009 28317.17
1010 28340.23
1011 28363.29
1012 28386.36
1013 28409.42
1014 28432.48
1015 28413.21
1016 28393.93
1017 28374.66
1018 28385.31
1019 28395.95
1020 28379.06
1021 28362.17
1022 28345.28
1023 28328.39
1024 28345.04
1025 28361.69
1026 28378.34
1027 28366.07
1028 28353.8
1029 28386.06
1030 28418.33
1031 28450.59
1032 28482.86
1033 28515.12
1034 28490.87
1035 28466.62
1036 28442.37
1037 28463.05
1038 28483.73
1039 28504.41
1040 28525.09
1041 28545.77
1042 28566.45
1043 28473.01
1044 28379.58
1045 28397.66
1046 28415.74
1047 28379.74
1048 28343.74
1049 28307.75
1050 28271.75
1051 28350.42
1052 28429.1
1053 28419.07
1054.0 28409.04
1055.0 28453.1
1056 28497.15
1057 28478.53
1058 28459.91
1059 28441.29
1060 28422.66
1061 28404.04
1062 28385.42
1063 28366.8
1064 28379.38
1065 28391.95
1066 28337.91
1067 28283.87
1068 28311.65
1069 28339.43
1070 28367.22
1071 28395.0
1072 28350.07
1073 28305.14
1074 28260.2
1075 28215.27
1076 28170.34
1077 28182.43
1078 28166.56
1079 28150.68
1080 28134.81
1081 28118.93
1082 28103.06
1083 28087.18
1084 28071.31
1085 28055.43
1086 28039.56
1087 28059.31
1088 28079.06
1089 28056.96
1090 28034.86
1091 28012.76
1092 27990.66
1093 28048.96
1094 28028.48
1095 28008.0
1096 27987.51
1097 27967.03
1098 27946.55
1099 27981.36
1100 28016.17
1101 28050.98
1102 28085.79
1103 28071.52
1104 28057.25
1105 28042.98
1106 28028.71
1107 28014.44
1108 28034.56
1109 28054.68
1110 28039.85
1111 28025.03
1112 28038.73
1113 28052.43
1114 28066.13
1115 28079.83
1116 28093.53
1117 28107.23
1118 28120.93
1119 28099.86
1120 28078.79
1121 28057.72
1122 28036.65
1123 28015.57
1124 27994.5
1125 27973.43
1126 27952.36
1127 27931.29
1128 27950.69
1129 27970.08
1130 27989.48
1131 28008.88
1132 27984.25
1133 27959.63
1134 27935.0
1135 27910.38
1136 27885.75
1137 27899.59
1138 27913.42
1139 27927.26
1140 27941.1
1141 27921.28
1142 27901.47
1143 27910.48
1144 27919.49
1145 27928.51
1146 27937.52
1147 27946.53
1148 27955.54
1149 27964.55
1150 27973.57
1151 27982.58
1152 27991.59
1153 27944.24
1154 27896.9
1155 27849.55
1156 27863.07
1157 27848.1
1158 27833.12
1159 27818.15
1160 27857.79
1161 27897.43
1162 27937.07
1163 27925.65
1164 27914.23
1165 27902.81
1166 27891.38
1167 27879.96
1168 27868.54
1169 27857.12
1170 27845.7
1171 27834.27
1172 27822.85
1173 27811.43
1174 27800.01
1175 27860.27
1176 27854.38
1177.0 27848.5
1178.0 27871.41
1179.0 27894.32
1180.0 27917.23
1181.0 27940.15
1182.0 27963.06
1183.0 27985.97
1184 28008.88
1185 27985.03
1186 27961.18
1187 27937.32
1188 27913.47
1189 27889.62
1190 27865.76
1191 27841.91
1192 27818.06
1193 27831.7
1194 27845.35
1195 27858.99
1196 27872.63
1197 27831.61
1198 27790.58
1199 27815.91
1200 27841.24
1201 27866.57
1202 27836.44
1203 27806.31
1204 27818.15
1205 27829.98
1206 27787.49
1207.0 27745.0
